61.50144998,23.78090828
61.50161408,23.78073023
61.50136353,23.78016678
61.50115355,23.78066587
61.50210700,23.78035971
61.50210934,23.78061308
61.50225642,23.78074977
61.50233907,23.78051017
61.50169321,23.78099677
61.50125071,23.77990755
61.47506216,23.86420976
61.47277879,23.89292178
61.50332491,23.79136888
61.50332742,23.75004020
61.49737729,23.78470915
61.50348857,23.74981646
61.49768233,23.78392522
61.50344654,23.75007483
61.49766912,23.78332293
61.50372789,23.75048188
61.49693804,23.78198229
61.50394822,23.75007081
61.49654481,23.78122887
61.50418709,23.75048709
61.49646414,23.78058863
61.50115905,23.74549805
61.50416665,23.75093217
61.49680665,23.78026579
61.50383906,23.75081911
61.49721105,23.78033985
61.50368625,23.75096270
61.49710841,23.78126337
61.50388634,23.75110347
61.49696142,23.78127723
61.50398456,23.75133404
61.49677748,23.78117598
61.49779906,23.74201842
61.50393881,23.75189497
61.49758812,23.78246476
61.49748057,23.74243286
61.50416343,23.75150167
61.49756884,23.78190097
61.49751077,23.74221297
61.50429527,23.75151841
61.49777803,23.78247626
61.49753659,23.74199314
61.50427919,23.75202573
61.49779743,23.78311696
61.49755811,23.74180993
61.50464465,23.75192494
61.49802449,23.78338454
61.49734030,23.74226929
61.50476862,23.75228878
61.49801619,23.78201318
61.49734863,23.74204960
61.50475255,23.75280500
61.49739614,23.74172891
61.50448824,23.75241558
61.49801868,23.74251076
61.50447282,23.75329664
61.49949025,23.74126311
61.50431614,23.75364490
61.49928923,23.74135630
61.50433397,23.75409857
61.49991227,23.74943233
61.50430122,23.75480177
61.49776704,23.75065758
61.50449364,23.75540534
61.49805357,23.78262633
61.49775324,23.75028248
61.50356004,23.75169334
61.49968025,23.78071975
61.49747355,23.74803351
61.50345516,23.75247719
61.50042815,23.78108620
61.49750785,23.74765803
61.50360068,23.75300102
61.50060420,23.78393057
61.49805002,23.74289486
61.50311225,23.75328963
61.50182169,23.78299918
61.49773039,23.74975189
61.50296446,23.75151126
61.49781607,23.75116051
61.50310328,23.75069155
61.49823178,23.75127617
61.50336811,23.75370579
61.49856818,23.75107214
61.50309690,23.75420621
61.49840323,23.74937128
61.50331393,23.75431126
61.49324401,23.74839514
61.49427287,23.74896443
61.50342475,23.75446166
61.49429390,23.74850675
61.50331024,23.75462274
61.49395008,23.74884122
61.50352913,23.75576883
61.49473270,23.74341324
61.50354274,23.75624031
61.49436633,23.74337050
61.50249700,23.75634639
61.49465167,23.74392863
61.50249861,23.75018923
61.49834204,23.73538732
61.50257137,23.75045556
61.49877955,23.73546367
61.50232491,23.75053761
61.49793298,23.78361586
61.50218921,23.75072555
61.49782360,23.78416777
61.50184866,23.75050586
61.49766503,23.78460462
61.50172181,23.75088945
61.50161132,23.75091702
61.50137699,23.75065199
61.50128349,23.75067054
61.50249138,23.75578559
61.49846538,23.80791728
61.50159243,23.77823329
61.50362914,23.75922421
61.50190649,23.79972998
61.49816579,23.80849051
61.50148465,23.77855518
61.50366574,23.75903062
61.50186058,23.79621432
61.49809576,23.80917661
61.50153942,23.77893256
61.50391765,23.75870648
61.50327279,23.79587655
61.50131386,23.77899083
61.50383063,23.75825612
61.50346371,23.79525482
61.49788569,23.81128057
61.50121503,23.77927486
61.50472200,23.75739861
61.50416195,23.79565171
61.49778302,23.81208114
61.50108829,23.77904910
61.50498636,23.75716457
61.50430966,23.79723245
61.49803565,23.81309666
61.49763928,23.75727867
61.50520763,23.75693087
61.50452026,23.79811927
61.49792210,23.81392012
61.52014045,23.69503490
61.52043733,23.68393304
61.50800748,23.77427143
61.52238570,23.67732645
61.52507937,23.69963239
61.49964951,23.79945602
61.49547495,23.81574036
61.50743516,23.71035094
61.50843930,23.77313739
61.50743523,23.71184300
61.50017428,23.84873257
61.47047138,23.88840775
61.48569970,23.88895217
61.49156991,23.88183451
61.50025680,23.70974970
61.50406912,23.69707337
61.50640937,23.69935070
61.50822611,23.77429013
61.50732429,23.70885090
61.51071276,23.77573220
61.51124401,23.76924773
61.50382527,23.72530168
61.49124973,23.73185410
61.49283128,23.74165597
61.50310908,23.76992715
61.49202068,23.76038640
61.49831691,23.73557191
61.48989246,23.75359881
61.50275348,23.78997372
61.49936174,23.79757097
61.49803987,23.74395385
61.49742947,23.81224917
61.50331285,23.79714811
61.50310076,23.74822160
61.49789945,23.78180885
61.49810692,23.78149871
61.50169677,23.78103411
61.49806444,23.74291887
61.49651548,23.74706547
61.50283062,23.74939562
61.49804314,23.75191713
61.49506647,23.75295523
61.49312012,23.75334970
61.49639702,23.75227045
61.49056601,23.75553695
61.49292320,23.75703122
61.49189498,23.75986023
61.49899229,23.76037617
61.49705756,23.76569768
61.49543049,23.76991175
61.49887059,23.76524580
61.50006415,23.76501710
61.49947194,23.77267429
61.49968018,23.77552657
61.49925397,23.78656615
61.50448485,23.77903130
61.50680999,23.76624976
61.49900071,23.76034174
61.49682866,23.74115644
61.50011414,23.76512489
61.49936453,23.76614789
61.49052062,23.75506876
61.49311405,23.75364205
61.49714115,23.76569762
61.49275462,23.75722515
61.49519942,23.76986333
61.49488197,23.75275280
61.49646570,23.75236003
61.49838887,23.75194987
61.49931582,23.77553483
61.49701335,23.74073865
61.49394619,23.74457323
61.49650942,23.74714044
61.47758136,23.91953311
61.49244334,23.89337558
61.50193462,23.91593736
61.49442112,23.82411595
61.50140609,23.82394469
61.50309354,23.84494549
61.48549578,23.84186914
61.48550809,23.79410797
61.48875438,23.80539186
61.48397877,23.78270073
61.48472259,23.75468245
61.46965709,23.87631342
61.48030089,23.75926889
61.47574164,23.72987096
61.48337573,23.80580323
61.47703055,23.82383463
61.50533757,23.67962750
61.50293586,23.66186045
61.44925985,23.84650701
61.49577087,23.64303359
61.49666675,23.63196964
61.50369350,23.60016935
61.51142601,23.61132120
61.51146848,23.61304962
61.46860171,23.78288832
61.51946367,23.64385325
61.51576054,23.64655138
61.47571381,23.80151268
61.49543452,23.79195218
61.49145798,23.92804796
61.51170147,23.76957702
61.51076931,23.77932868
61.50299653,23.76966697
61.49809196,23.78366380
61.49632941,23.78444726
61.50016402,23.76527451
61.50538865,23.75701143
61.50468492,23.76393030
61.50753993,23.77020446
61.50468068,23.77275845
61.48130506,23.92022319
61.49565823,23.90538446
61.49080404,23.84371358
61.49422398,23.82462469
61.49444760,23.82375824
61.47932589,23.80536722
61.48328161,23.79606741
61.49249497,23.88791731
61.44332338,23.86650370
61.48486744,23.78761422
61.47037608,23.88847500
61.48872549,23.79090650
61.47780645,23.76108488
61.48279816,23.75061738
61.45555315,23.84255357
61.47950849,23.80315832
61.50024790,23.70965669
61.49134989,23.73929355
61.44917557,23.74681747
61.47786199,23.79350714
61.49146281,23.73814402
61.47789869,23.75773261
61.50175010,23.80007706
61.49140025,23.73784817
61.49632129,23.78457144
61.49139189,23.73810758
61.44511503,23.86627504
61.43601940,23.81395408
61.49223129,23.73713719
61.47351456,23.88549847
61.46412632,23.90373059
61.49244331,23.73687603
61.47238998,23.85846367
61.49061624,23.84846424
61.49320942,23.73464641
61.48958951,23.78269146
61.48402884,23.82935850
61.49315361,23.73327596
61.49558331,23.81546632
61.50004242,23.80779664
61.49303801,23.73303611
61.47583123,23.77182610
61.46068225,23.83017031
61.49283423,23.73298228
61.46664760,23.84786656
61.50367308,23.72632784
61.49252423,23.73294790
61.43972691,23.81300655
61.43972162,23.81297678
61.49178125,23.73339888
61.47574251,23.80149904
61.49369877,23.85946799
61.47089485,23.86889357
61.49192478,23.73434245
61.52653719,23.69709949
61.47819125,23.75701034
61.49398387,23.86087067
61.49189073,23.73504670
61.49396109,23.85971549
61.49419054,23.86070939
61.46660517,23.84782683
61.49187399,23.73554701
61.46678827,23.84813878
61.46705430,23.84816877
61.49251690,23.73372604
61.50114819,23.75108978
61.50319620,23.75553978
61.50071834,23.75085301
61.50039608,23.75133602
61.49987763,23.75148253
61.49954615,23.75156524
61.49922681,23.75130979
61.49350072,23.77023490
61.49895127,23.75176571
61.49375413,23.77008663
61.49896610,23.76003942
61.49124721,23.77220951
61.49635025,23.77954784
61.50133585,23.74002006
61.49672712,23.78000272
61.50092319,23.73989004
61.49870325,23.77953118
61.50065611,23.74030156
61.49851084,23.77955084
61.49945712,23.74030267
61.49823747,23.76417288
61.49762755,23.78513941
61.50193141,23.74146031
61.49850588,23.76484614
61.50550020,23.77172071
61.49849980,23.76525372
61.50635210,23.77376492
61.49874156,23.76492491
61.49881797,23.76458077
61.49895846,23.76463184
61.50170207,23.74482160
61.49923135,23.76461556
61.50109905,23.74520913
61.49944076,23.76457368
61.50029562,23.74301814
61.49965233,23.76446783
61.49413518,23.76975317
61.50042913,23.74392454
61.49982082,23.76433149
61.49406712,23.76923834
61.49990054,23.74319934
61.49940282,23.76490096
61.49388254,23.76933341
61.49978720,23.74397430
61.49977519,23.76478678
61.49368118,23.76944030
61.49895106,23.74474630
61.49925741,23.76553694
61.49345743,23.76954737
61.49944356,23.76619914
61.49323915,23.76958413
61.49962840,23.76569067
61.49296513,23.76975012
61.49969717,23.76617591
61.49378078,23.76874855
61.49215501,23.74314665
61.49988712,23.76600389
61.49352348,23.76887930
61.49184963,23.74306308
61.49983118,23.76574127
61.49342161,23.76823590
61.49197675,23.74500626
61.49984244,23.76505166
61.50065633,23.75946251
61.49231794,23.74590745
61.50033830,23.76497921
61.50067158,23.75979251
61.49184499,23.74606913
61.50039392,23.76439587
61.49141852,23.74541260
61.49748813,23.75837389
61.49144425,23.74633786
61.49989438,23.76561994
61.50387135,23.75946875
61.49647195,23.75718050
61.49763051,23.75798127
61.49190595,23.74750348
61.50008753,23.76599527
61.49636953,23.75786609
61.49765708,23.75847238
61.49143443,23.74792046
61.49668417,23.75996365
61.49770564,23.75895563
61.49075211,23.74851721
61.50039711,23.76598724
61.49523469,23.76208034
61.49757074,23.75944031
61.49048338,23.74970308
61.50045237,23.76621677
61.50756278,23.77043274
61.49762720,23.76112656
61.49053625,23.75047743
61.50060691,23.76616597
61.50159135,23.77794706
61.49764835,23.76141683
61.49054859,23.75160364
61.50072503,23.76600046
61.50334552,23.76350376
61.49722359,23.76127771
61.49084483,23.75232585
61.50079924,23.76567002
61.50321767,23.76382720
61.49740820,23.76194416
61.49088388,23.75305012
61.50079910,23.76558707
61.50299552,23.76345939
61.49762818,23.76185802
61.50262482,23.76487358
61.50476962,23.77810827
61.50251321,23.79335098
61.49932518,23.80331525
61.50414794,23.76895005
61.50477068,23.77876550
61.50269538,23.79463938
61.49972257,23.80407819
61.50540542,23.77879951
61.50463479,23.77850874
61.49911139,23.80729684
61.50379138,23.77931276
61.49861269,23.73536403
61.50452151,23.77701463
61.49931784,23.80670874
61.50428906,23.78627508
61.50466806,23.77625321
61.50224512,23.78696794
61.50457158,23.77750397
61.49904021,23.80870059
61.50168049,23.78666192
61.49627420,23.73923694
61.50468632,23.78036198
61.49986124,23.79273601
61.49922393,23.80928628
61.49774749,23.73927485
61.50479248,23.78081446
61.49981538,23.79316207
61.49869906,23.73863024
61.49854024,23.79204305
61.50558709,23.78262394
61.49853199,23.73918451
61.50448477,23.78093261
61.49957444,23.79530473
61.49858150,23.79512998
61.50572625,23.78294214
61.49882099,23.73958418
61.50450851,23.78037829
61.49962287,23.79658175
61.50582754,23.78269962
61.49949444,23.74004765
61.50459410,23.77999107
61.49539300,23.81658051
61.49957399,23.73977892
61.50447691,23.77987591
61.49977621,23.79805274
61.49387712,23.81822208
61.49823144,23.78754954
61.49975796,23.73967686
61.50456293,23.77975932
61.49971559,23.80031584
61.49431762,23.81936747
61.50077451,23.73951756
61.50418167,23.76892394
61.50007895,23.80230862
61.49455658,23.82027173
61.50062930,23.73894912
61.50313341,23.76808120
61.49975540,23.80369751
61.49855924,23.78937932
61.50119081,23.73949733
61.50305029,23.76991174
61.49980512,23.80593559
61.49846073,23.78988994
61.50295781,23.76983509
61.49978914,23.80696971
61.49853378,23.79043717
61.50285347,23.77004204
61.49988177,23.79243019
61.50281007,23.76986196
61.49195998,23.80358150
61.49997269,23.79286402
61.50285909,23.76971983
61.49354836,23.80294306
61.50058807,23.79391764
61.50285824,23.76921727
61.50215455,23.77975931
61.49730834,23.73405562
61.50269777,23.76899939
61.49568059,23.78982304
61.50209972,23.77934414
61.49793041,23.73518056
61.50261773,23.76901287
61.49527068,23.78067301
61.49539348,23.79135616
61.50198311,23.77979831
61.49827670,23.73565939
61.50432411,23.76579130
61.49536255,23.78068517
61.49524554,23.79463658
61.50171227,23.77976244
61.49783436,23.73588549
61.50458539,23.76376602
61.49543377,23.78310581
61.49781135,23.80125907
61.50185589,23.77927030
61.49619642,23.73604761
61.50369457,23.75997841
61.50035341,23.79916820
61.49839692,23.80206669
61.50186437,23.77893025
61.49604875,23.73753110
61.50353802,23.75993368
61.50047173,23.80055430
61.49840580,23.80443218
61.50214405,23.77885272
61.49638660,23.73880514
61.50374704,23.75967277
61.50069312,23.80088135
61.49815846,23.80716495
61.50179105,23.77825077
61.50366845,23.75956290
61.50187697,23.79942603
61.46500971,23.89239598
61.49873583,23.64203796
61.46443422,23.90183926
61.46387984,23.90474177
61.48543366,23.75627386
61.48032940,23.76007397
61.46788790,23.88178048
61.44515116,23.86687944
61.48225055,23.76002054
61.48540839,23.75937799
61.46656429,23.83238228
61.46303493,23.82371906
61.45591152,23.84145960
61.44702279,23.84657970
61.47581467,23.80443497
61.49738169,23.76030466
61.45546609,23.83981441
61.44889718,23.84387332
61.49869854,23.64154299
61.49860211,23.64174814
61.49841952,23.64010606
61.49779012,23.63125779
61.49841295,23.62741360
61.49864789,23.62736144
61.49927761,23.61642086
61.49896347,23.62898734
61.50032063,23.63256544
61.50044105,23.63279289
61.50110524,23.63326179
61.50167121,23.63320294
61.49298540,23.82515133
61.50780070,23.62026531
61.47586912,23.86454402
61.46492983,23.89469404
61.49136415,23.73295806
61.49663837,23.78428424
61.49748101,23.78737816
61.49061502,23.74834460
61.49833818,23.73503490
61.50596693,23.78355840
61.49775013,23.79590479
61.49659956,23.80296073
61.49557008,23.80808839
61.49502596,23.80938576
61.49431202,23.81449777
61.49324853,23.81851803
61.49279171,23.81971206
61.49529439,23.81992202
61.49238177,23.78184314
61.49169758,23.78253531
61.49175080,23.79638219
61.49125242,23.80184739
61.48877122,23.81347672
61.49504746,23.79184536
61.49520794,23.79367072
61.49301243,23.80557319
61.50151065,23.80062518
61.49013890,23.74977739
61.50202474,23.76390230
61.49998216,23.78819756
61.50332716,23.79673186
61.49862890,23.73550401
61.48988326,23.75014920
61.50173451,23.76373360
61.50001082,23.78794188
61.50332748,23.79694876
61.49853815,23.77099846
61.48987908,23.75270067
61.50155987,23.76310681
61.50020257,23.78786758
61.50400450,23.80126972
61.49835496,23.77108833
61.48988716,23.75349179
61.50136596,23.76314675
61.50019713,23.78811092
61.50297520,23.79784417
61.49816135,23.76506961
61.48983317,23.75435406
61.50126234,23.76344236
61.50042378,23.78806073
61.49822059,23.76670701
61.48986655,23.75489609
61.50048283,23.78864426
61.49855774,23.77006871
61.49002829,23.75602779
61.50046042,23.78919187
61.49748602,23.77016517
61.49015203,23.75662237
61.50029215,23.78939981
61.49797582,23.77207972
61.50018690,23.78901124
61.49865340,23.77244363
61.50049048,23.78983643
61.49852571,23.77198716
61.50043318,23.79037208
61.49936710,23.79054494
61.49858257,23.77225233
61.49918467,23.79085233
61.50130139,23.78789661
61.49926462,23.79129830
61.49940414,23.64554041
61.50152430,23.76873344
61.50345661,23.78683558
61.49925316,23.79178315
61.50133302,23.76821836
61.50402628,23.78679517
61.49883134,23.79103329
61.49887939,23.78125109
61.50573269,23.78871810
61.49928630,23.79353067
61.49893489,23.78510189
61.50561072,23.78880410
61.49995630,23.79310522
61.49891500,23.78591359
61.50685986,23.77601834
61.49995276,23.79888442
61.49909359,23.78290222
61.50694288,23.77783498
61.49978241,23.79912790
61.49911134,23.78520396
61.50653295,23.77946184
61.50315191,23.79282356
61.49966333,23.79693441
61.49966371,23.78669050
61.50583421,23.77767538
61.50336317,23.79412398
61.49890497,23.79535746
61.49900039,23.77759083
61.50563538,23.77658134
61.49889778,23.79463037
61.49986092,23.77988661
61.50592786,23.77414570
61.50255102,23.79146496
61.49971559,23.77941544
61.50474012,23.77514440
61.49887947,23.80287158
61.50243294,23.76401911
61.50472964,23.77625277
61.50247709,23.79253607
61.49883626,23.80250189
61.49779216,23.75695640
61.50658616,23.76703730
61.50467778,23.79849543
61.49799113,23.75718150
61.50695620,23.76736960
61.50429020,23.79979979
61.49817994,23.75676450
61.50724601,23.76759944
61.50354845,23.79749291
61.49720935,23.81591274
61.49839650,23.75672503
61.50682141,23.76777016
61.50341995,23.79709225
61.49705147,23.81629078
61.49862210,23.75668551
61.50685281,23.76813080
61.50336240,23.79748195
61.49691551,23.81671440
61.49872182,23.75693026
61.50695195,23.76849093
61.49669797,23.81740131
61.49902851,23.75681455
61.50732927,23.76949342
61.49929912,23.75671799
61.49628416,23.81835217
61.49938872,23.75633954
61.49627224,23.81759805
61.49956076,23.75664040
61.49541296,23.81625474
61.49962326,23.75626215
61.49549364,23.81532872
61.49978627,23.75656308
61.49985784,23.75620364
61.50301710,23.74776487
61.49575964,23.81413874
61.50003877,23.75642889
61.50297504,23.74801435
61.49619436,23.78425597
61.49625898,23.81187323
61.50029147,23.75640802
61.49637789,23.78411372
61.49649737,23.81048910
61.50309143,23.74887648
61.49670291,23.78434214
61.49589721,23.81092698
61.50291807,23.74939394
61.49697912,23.78469910
61.50283823,23.74991068
61.49698604,23.78519890
61.50311791,23.74940123
61.49712190,23.78590287
61.50320351,23.74971199
61.49723217,23.78590211
61.50351707,23.74913109
61.49726233,23.78560712
61.50358482,23.74897927
61.49720597,23.78482569
61.50314904,23.81244984
61.50282993,23.81300955
61.50149632,23.81662664
61.50145194,23.82232803
61.50481323,23.82464905
61.49538923,23.83797646
61.49925399,23.81943543
61.49875554,23.82038959
61.50660254,23.80127756
61.51340013,23.80677378
61.50581867,23.83296878
61.50717042,23.78707685
61.50564761,23.84438138
61.50270422,23.84491052
61.49548072,23.83918883
61.50001699,23.83762994
61.50615877,23.81055681
61.49010084,23.79726901
61.48775819,23.80715491
61.48735387,23.81319198
61.50088457,23.85808919
61.49988039,23.86469697
61.49345591,23.84781850
61.47739560,23.87595987
61.47768766,23.87615551
61.47662211,23.88423321
61.47700485,23.88193600
61.47762600,23.91963199
61.47626272,23.89600642
61.47580890,23.90473089
61.47974227,23.90777122
61.49080165,23.92337996
61.48461976,23.92920606
61.48475587,23.92887297
61.48429464,23.93265832
61.49654369,23.89191908
61.49261888,23.91879936
61.49400970,23.90897967
61.49756597,23.90503006
61.49806195,23.89811863
61.48684908,23.92926423
61.48934901,23.88347870
61.48853448,23.88940611
61.48497934,23.90502496
61.49634939,23.89167566
61.49714553,23.88727133
61.49612459,23.88470600
61.49409387,23.88237528
61.49459160,23.88330198
61.49643135,23.88708081
61.49408852,23.88446217
61.50213704,23.92054790
61.50472699,23.90312104
61.50902726,23.91389314
61.50173037,23.91419683
61.49423205,23.86442974
61.49672933,23.86979438
61.49899029,23.87428166
61.48388972,23.84981797
61.48916882,23.85769416
61.48924370,23.85552526
61.48764619,23.85444904
61.48699883,23.85404576
61.48753236,23.84884181
61.49093523,23.84416883
61.49083258,23.85585071
61.48023207,23.85971970
61.47865900,23.86658790
61.48889443,23.86285283
61.47383797,23.92367578
61.47542282,23.90785055
61.47611980,23.84759268
61.47309016,23.85209324
61.47281032,23.85585989
61.47868997,23.84037689
61.47837094,23.84170609
61.47907399,23.83267197
61.47759135,23.83988906
61.47658237,23.87422065
61.47408651,23.87237158
61.47304350,23.87118205
61.46423521,23.91318609
61.47080667,23.88930965
61.47292446,23.87724239
61.47204458,23.88420654
61.47332603,23.87481597
61.46479319,23.90933673
61.47934829,23.82680063
61.47923106,23.82602371
61.47938726,23.83072325
61.44708444,23.84920827
61.44594442,23.84429577
61.44469327,23.83886960
61.44100520,23.84705583
61.44210926,23.85197132
61.44219001,23.85808042
61.44978995,23.85422323
61.46678431,23.84222442
61.46293663,23.84402925
61.45151465,23.84886551
61.44887023,23.85140841
61.45066967,23.84960934
61.45738307,23.84550231
61.45542851,23.84643563
61.45341181,23.85045379
61.45230528,23.85191902
61.45316370,23.84526076
61.45277724,23.84449337
61.45147640,23.83886465
61.44986178,23.83204545
61.44800864,23.83507431
61.45286661,23.83686287
61.45731327,23.84520910
61.45794869,23.84891739
61.44454625,23.87236406
61.44277446,23.86269309
61.44725144,23.85821857
61.44755627,23.85895681
61.44826732,23.86207462
61.45337463,23.88223789
61.46365616,23.89437332
61.46599507,23.89218317
61.46319566,23.89349992
61.46560533,23.88739663
61.46368402,23.88706609
61.46693220,23.88534629
61.46785080,23.85317623
61.46490937,23.85531866
61.49059866,23.75273673
61.50078071,23.76542844
61.50307532,23.76319678
61.49756196,23.76124847
61.49054394,23.75281608
61.50075902,23.76532908
61.50321657,23.76319570
61.49753120,23.76126078
61.49046273,23.75341933
61.49343726,23.76216728
61.49748411,23.76128529
61.49043631,23.75398630
61.49349005,23.76288116
61.50429549,23.77278815
61.49742932,23.76129778
61.49360128,23.76386416
61.50557159,23.77184491
61.49735914,23.76131845
61.49057618,23.75547736
61.49372568,23.76502228
61.50570973,23.77190438
61.49736150,23.76156796
61.49133110,23.75573686
61.49378477,23.76566875
61.50571671,23.77223354
61.49741917,23.76154741
61.49131399,23.75384302
61.49594890,23.76543678
61.50623145,23.76969455
61.49748934,23.76152271
61.49190687,23.75362311
61.49612892,23.76523327
61.49752972,23.76151033
61.49220506,23.75352749
61.49758454,23.76150991
61.49237030,23.75387773
61.49642522,23.76521754
61.49723660,23.76159434
61.49265748,23.75338043
61.49659380,23.76584978
61.49754449,23.76065274
61.49523648,23.76184650
61.49300089,23.75364317
61.49647162,23.76597201
61.49752154,23.76094770
61.49527005,23.76232559
61.49663318,23.76626732
61.49741593,23.76097921
61.49513139,23.76101990
61.49320589,23.75321824
61.49718661,23.76592619
61.49730735,23.76099233
61.49496728,23.76075866
61.49209178,23.75728772
61.49736647,23.76562829
61.49778168,23.75867031
61.49482524,23.76063424
61.49248665,23.75755727
61.49762929,23.76487149
61.49808878,23.75971199
61.49469407,23.76048687
61.49279254,23.75793515
61.49778271,23.76418290
61.49797145,23.75975587
61.49524466,23.76028862
61.49311848,23.75801869
61.49785502,23.76030949
61.49730138,23.76523790
61.49788225,23.76076990
61.49289021,23.75693713
61.49486803,23.77004092
61.49792711,23.76124242
61.49289631,23.75651377
61.49481735,23.77053997
61.49795149,23.76009381
61.49326106,23.75720684
61.49504984,23.77088869
61.49794902,23.76035790
61.49389183,23.75900279
61.49536555,23.77091331
61.49797862,23.76049893
61.49404008,23.75944648
61.49542286,23.77052203
61.49800549,23.76075668
61.49420207,23.75990441
61.49531320,23.77042849
61.49800891,23.76103300
61.49523493,23.75830359
61.49553179,23.77017079
61.49804466,23.76133366
61.49614644,23.75790187
61.49541540,23.76991558
61.49816560,23.76167052
61.49350477,23.75351004
61.49529277,23.76978170
61.49811861,23.76165858
61.49441574,23.75281404
61.49830302,23.76136852
61.49520436,23.77083365
61.49827903,23.76108005
61.49507398,23.75270118
61.50444184,23.74814991
61.50409139,23.74731215
61.49262618,23.73382787
61.50358194,23.74616582
61.50832449,23.68847107
61.50826184,23.77473446
61.49310172,23.73848224
61.49860847,23.93121957
61.49398105,23.73526975
61.49848588,23.92714315
61.49867511,23.92705989
61.50006292,23.93001966
61.49410954,23.73760304
61.49981388,23.92978637
61.45570104,23.84272477
61.49469145,23.73628270
61.45582435,23.84306750
61.45566883,23.84306046
61.45547803,23.84294289
61.49528206,23.73488814
61.51462568,23.67044611
61.51638417,23.66644285
61.51510771,23.66882762
61.49483059,23.73496608
61.49573958,23.71999340
61.51397631,23.67332863
61.51702002,23.66567670
61.49557277,23.73410749
61.52833842,23.70910935
61.49589861,23.73317832
61.52827459,23.71117110
61.52944942,23.72069527
61.49609244,23.73267641
61.53092241,23.72046940
61.53153708,23.72280913
61.49614462,23.73219424
61.53015097,23.72609982
61.49644585,23.73226576
61.52645817,23.72073781
61.52628215,23.71616840
61.49600877,23.73065760
61.52483820,23.71285647
61.49585321,23.72813916
61.52580729,23.71089292
61.49540856,23.72719813
61.52626882,23.71093232
61.49481360,23.73081616
61.52512586,23.70744129
61.53063774,23.70831392
61.49721247,23.72153111
61.53110506,23.70429232
61.53069912,23.70438817
61.49714529,23.72332897
61.52945969,23.70374022
61.52721657,23.70361562
61.49732752,23.72586578
61.52731886,23.69872735
61.52679230,23.68898650
61.49768924,23.72519555
61.52841300,23.68486064
61.49767356,23.72619626
61.52862009,23.68483195
61.52856012,23.67593782
61.52842055,23.67541159
61.49768449,23.72723379
61.52909394,23.67872174
61.49727929,23.72831200
61.53147607,23.67665872
61.53826859,23.67205538
61.53824423,23.67155487
61.49729249,23.73049825
61.53789863,23.67184026
61.53182628,23.67120212
61.49591924,23.73467891
61.53077190,23.66797935
61.49523159,23.73625960
61.52993009,23.66058369
61.52698749,23.65749690
61.52837416,23.65653757
61.52606208,23.65432716
61.52147795,23.66211915
61.52127958,23.66280842
61.52191923,23.66581573
61.44104805,23.89180223
61.44145379,23.89130835
61.52280540,23.66912367
61.52361146,23.67002893
61.52453398,23.66707161
61.52205138,23.67447372
61.51974168,23.66970500
61.51653879,23.66423649
61.49653910,23.72572451
61.51507015,23.67267765
61.51582762,23.67048402
61.51768109,23.66847500
61.49620398,23.72641298
61.51883308,23.66507240
61.50536564,23.72021641
61.51903170,23.66565223
61.52837034,23.68508478
61.50537540,23.72066111
61.52910506,23.68398206
61.52023246,23.65700796
61.50534873,23.72496112
61.52008106,23.65691070
61.52032620,23.68559412
61.50514685,23.72585249
61.52055932,23.68589230
61.52333016,23.68413650
61.50458109,23.72633934
61.52422402,23.69584813
61.50431278,23.72502587
61.52242257,23.67736098
61.52295431,23.67703018
61.44090420,23.89365710
61.52172549,23.67346553
61.52588304,23.70134888
61.44087974,23.89324366
61.52245478,23.65865942
61.52587522,23.71856523
61.44065966,23.89270394
61.52018635,23.67052728
61.52286267,23.67653790
61.52320906,23.68521429
61.50332282,23.72879080
61.52154287,23.68931219
61.53478549,23.70663338
61.53280660,23.70182311
61.52462059,23.65782056
61.49983753,23.73683205
61.52032425,23.69026754
61.52105733,23.69262276
61.49885680,23.72451819
61.52363775,23.69369598
61.49930530,23.72297625
61.51668911,23.68960976
61.49953459,23.72251095
61.51902992,23.69483469
61.52015712,23.69496672
61.49986009,23.72145182
61.52870302,23.70447602
61.52916268,23.72023285
61.49979715,23.72098914
61.52913989,23.72028103
61.52139378,23.69343602
61.50521492,23.74258750
61.52126333,23.69386419
61.52049363,23.68510522
61.50662009,23.69558332
61.49894326,23.91625863
61.50703523,23.69467598
61.49869738,23.92705885
61.50615286,23.69896000
61.50124004,23.91611786
61.50627286,23.70027601
61.52779064,23.94885324
61.44310306,23.75461161
61.50199643,23.72064131
61.50045158,23.73513102
61.50497546,23.70972839
61.50312077,23.76998877
61.50516997,23.70951370
61.49968705,23.71426537
61.50311504,23.76998743
61.50374691,23.70565433
61.50376032,23.71192708
61.49874284,23.72746552
61.49407214,23.73036665
61.49565149,23.71729969
61.50026917,23.71556920
61.49526142,23.76975304
61.50680538,23.70928439
61.50688408,23.70862832
61.49646125,23.78458559
61.49816395,23.78165020
61.50332578,23.74568783
61.50344573,23.74551526
61.50388112,23.74738807
61.50377661,23.74704570
61.50453875,23.74824087
61.50439055,23.74792170
61.50318973,23.74602075
61.51164660,23.76949999
61.50276826,23.74574962
61.50238840,23.73859069
61.49203704,23.72480526
61.50213130,23.73851275
61.50269439,23.70440996
61.49209201,23.74066486
61.49287728,23.74243762
61.49804205,23.71729041
61.50224321,23.71494587
61.50235025,23.71505077
61.50341928,23.70155798
61.50342725,23.70201057
61.50282326,23.70340351
61.50500890,23.70420041
61.47094310,23.87049506
61.46832326,23.86911003
61.48918692,23.92364171
61.49998276,23.91296161
61.48835093,23.82443759
61.45302086,23.90024223
61.49686422,23.88506088
61.48867054,23.92218114
61.48634115,23.82567469
61.47034013,23.87504274
61.45315043,23.89545274
61.48973065,23.92282557
61.48524690,23.92477544
61.48769658,23.83088541
61.47004135,23.87492229
61.45303365,23.88959497
61.48925469,23.92195203
61.48491333,23.92474135
61.48734636,23.83122552
61.47011057,23.87428143
61.45311313,23.88402943
61.48942052,23.92144832
61.48725022,23.83154179
61.47048731,23.87479887
61.45203751,23.87266895
61.48948308,23.92066930
61.48770682,23.83898512
61.45203603,23.87110195
61.47975608,23.81070607
61.49109720,23.91854417
61.48743241,23.83849088
61.45480112,23.86728249
61.47908884,23.81103037
61.49250837,23.91254860
61.45463928,23.86665339
61.47899695,23.81101811
61.49242778,23.91193767
61.45723873,23.86555835
61.47840899,23.81108571
61.49503802,23.91090375
61.48504874,23.82947386
61.45972518,23.86362866
61.47738611,23.81114315
61.49456382,23.91750624
61.48464444,23.83002666
61.46015058,23.86853412
61.49330349,23.92042677
61.48454512,23.83157304
61.45857084,23.85234007
61.47785527,23.80934710
61.49333472,23.92161909
61.48296054,23.82749488
61.45848906,23.85450838
61.47769347,23.80754207
61.49337594,23.92251331
61.48512677,23.83527570
61.45434201,23.85042685
61.49270509,23.92411194
61.48270207,23.83967165
61.45059772,23.84933186
61.49217607,23.92453907
61.48256082,23.84009588
61.44211910,23.85855233
61.49196892,23.92950976
61.48452707,23.84184337
61.44186638,23.85162865
61.47935931,23.80732683
61.49151523,23.92935631
61.48506368,23.84184065
61.49121989,23.92942319
61.48477182,23.84336679
61.47955156,23.80900368
61.50198841,23.91636297
61.48508625,23.84385225
61.48133076,23.80664850
61.50375366,23.91358754
61.48517647,23.84306828
61.47946266,23.80034400
61.50547879,23.91414573
61.48556021,23.84219812
61.47955879,23.80002710
61.50576376,23.91436574
61.48011646,23.80139131
61.50656075,23.91522463
61.48002712,23.79894526
61.48595247,23.83997257
61.50726951,23.91842422
61.47972019,23.83532550
61.48029705,23.79922534
61.50704850,23.91931900
61.47988266,23.83570575
61.48137206,23.79714315
61.50713848,23.91982660
61.47970102,23.83621484
61.48137871,23.79750179
61.51080112,23.92347169
61.47829964,23.85017426
61.48348568,23.79735998
61.50631472,23.92755632
61.50617785,23.92807547
61.47650909,23.84256154
61.48987371,23.78900540
61.50902698,23.91167392
61.47565047,23.84428065
61.50713597,23.78705041
61.48619115,23.80014820
61.49088220,23.79491673
61.49799561,23.85603906
61.47549672,23.85166960
61.48556358,23.79418195
61.49011114,23.79790367
61.49715323,23.86227293
61.47240888,23.84283630
61.48579504,23.79330919
61.48881227,23.80228760
61.48605699,23.79235935
61.48904257,23.80291446
61.48556574,23.79156831
61.48927193,23.80290160
61.48545035,23.79222249
61.48918523,23.80337054
61.49546018,23.87385174
61.47929462,23.85396223
61.48498571,23.79281492
61.48888709,23.80493755
61.49565289,23.87428110
61.47851930,23.86084515
61.48862456,23.80467644
61.49572644,23.87493290
61.47794116,23.85774209
61.49542788,23.87478147
61.47758252,23.85839490
61.48717416,23.79388941
61.48804873,23.80683919
61.49552791,23.87539154
61.47739540,23.85510649
61.48614689,23.79106475
61.48838248,23.80725980
61.47713167,23.85489068
61.48569238,23.79027345
61.50070444,23.80877671
61.48789797,23.80837092
61.49278012,23.88791627
61.47714672,23.85403908
61.48553775,23.78930080
61.50050232,23.80975118
61.49230563,23.89158047
61.47626179,23.85536223
61.48516308,23.78864993
61.49996215,23.81010729
61.49402958,23.89129700
61.47204082,23.85831995
61.50169005,23.81099701
61.49416933,23.89190695
61.47239430,23.86037172
61.48465068,23.78854177
61.50225455,23.81140723
61.49326846,23.89318645
61.50224372,23.81199126
61.49347438,23.89362969
61.48453516,23.78665562
61.50257712,23.81346135
61.49305691,23.89401959
61.47106914,23.86874102
61.48435596,23.78565757
61.50321475,23.81636533
61.49309090,23.89510159
61.47056813,23.87089654
61.48313783,23.78619119
61.49660726,23.89729585
61.47022597,23.87214990
61.48407578,23.78280260
61.49595491,23.90297274
61.47060336,23.87440193
61.48391036,23.78277813
61.49581100,23.90578976
61.49599167,23.90814790
61.47107807,23.87835634
61.49567244,23.90680301
61.46972192,23.88921182
61.49529346,23.90537511
61.46988167,23.88927802
61.49514132,23.90593053
61.49398006,23.90483801
61.50509588,23.90701069
61.47031350,23.88856002
61.50539425,23.90694040
61.47155270,23.89195974
61.50086402,23.89646304
61.47155023,23.88888813
61.48994787,23.82980263
61.47169355,23.88838680
61.48662061,23.78452731
61.49767602,23.81773839
61.49047368,23.82606811
61.47175631,23.88703439
61.48607930,23.78697815
61.49178601,23.82553361
61.47236946,23.88501219
61.48604905,23.78722178
61.49216439,23.82582283
61.48815349,23.78939841
61.49272919,23.82670755
61.48834288,23.78907681
61.49284024,23.82538897
61.47285924,23.88824907
61.48870679,23.79070161
61.49283433,23.82595780
61.47308265,23.88803126
61.49398903,23.82658955
61.47319391,23.88739646
61.49398145,23.82585427
61.47380440,23.88381526
61.48865164,23.78286037
61.47770818,23.75773783
61.49428476,23.82450681
61.47443694,23.88426997
61.49452262,23.82382563
61.47540145,23.88229630
61.48945667,23.78449486
61.47895175,23.75756074
61.49483457,23.82403196
61.47495103,23.87859160
61.48923630,23.78458608
61.49695803,23.82002391
61.47517286,23.87665408
61.47952200,23.75620423
61.49545613,23.82781620
61.47496351,23.87475163
61.47979543,23.75759281
61.49521737,23.82778977
61.47422912,23.87500501
61.47964252,23.75473530
61.49474392,23.83099732
61.47442980,23.87615617
61.48006001,23.75404953
61.49474392,23.83099732
61.47979188,23.88077686
61.48033030,23.75368683
61.49467814,23.83142778
61.47997432,23.87939023
61.50250929,23.61223215
61.49545596,23.83849956
61.47978202,23.87865626
61.48106081,23.75243192
61.49110277,23.83603897
61.48147395,23.75273772
61.49079083,23.83581867
61.46514345,23.88778421
61.48029711,23.75236074
61.49087762,23.83630374
61.46513167,23.88937154
61.48053012,23.75181802
61.49063216,23.83622179
61.46505489,23.89158850
61.48110570,23.75003634
61.49061930,23.83655480
61.48134868,23.75157970
61.48937084,23.83511868
61.46483404,23.89376490
61.48139879,23.75204291
61.48968080,23.83922314
61.48189059,23.75158828
61.49058081,23.84329695
61.46488896,23.89708974
61.48184043,23.75109929
61.50012675,23.70836412
61.50538368,23.70009347
61.50676097,23.70135069
61.50583678,23.69674501
61.50155281,23.70962106
61.50583496,23.69592725
61.50188899,23.71021656
61.50019783,23.60664145
61.49949064,23.60443182
61.49946435,23.60396980
61.50492892,23.70918067
61.49944277,23.60360714
61.49968143,23.60387049
61.50480251,23.70880218
61.49960595,23.60417737
61.49801938,23.59230703
61.49691640,23.58732109
61.49686860,23.58225255
61.49508766,23.58576011
61.49428618,23.57962851
61.49473668,23.56942754
61.49355554,23.59292638
61.49089165,23.60273600
61.49144919,23.60979075
61.49188499,23.61273216
61.49236451,23.61537822
61.49360632,23.61981105
61.49355988,23.62599018
61.49361674,23.62602429
61.49592110,23.62404557
61.49740709,23.62930708
61.49651698,23.63079845
61.49663717,23.63151160
61.49654761,23.63191108
61.49635365,23.63184741
61.49652812,23.63175476
61.49669904,23.63339887
61.49805487,23.63431411
61.49859585,23.63611906
61.49797259,23.63891436
61.49660352,23.64004391
61.49727868,23.63833216
61.50194063,23.74244864
61.50186118,23.74221002
61.50162691,23.74206884
61.50127488,23.74218511
61.50097845,23.74229373
61.50096376,23.74253645
61.50112282,23.74239864
61.50116775,23.74291039
61.50103715,23.74329730
61.50144491,23.74317004
61.49150413,23.73409360
61.49112884,23.73113939
61.49745125,23.63822463
61.48847520,23.77071415
61.48637494,23.76670720
61.48308911,23.76222428
61.48291118,23.76299168
61.48057769,23.76290354
61.47964084,23.76354742
61.47528447,23.76434570
61.48605591,23.76130979
61.48600208,23.76466059
61.48429378,23.75754985
61.47691354,23.76706690
61.48943690,23.77931464
61.48799529,23.77914676
61.48302934,23.77626782
61.48283403,23.77673932
61.48771662,23.78887346
61.47619711,23.77200822
61.49942789,23.63969860
61.49988841,23.64751938
61.49951486,23.64785381
61.48976703,23.78183601
61.48436049,23.75733607
61.48654804,23.78435417
61.48475849,23.78690980
61.48261890,23.78910723
61.48269824,23.78941835
61.48204572,23.78319210
61.48002290,23.78276571
61.47684937,23.78306137
61.47365172,23.78384795
61.47101109,23.78500792
61.48541043,23.79574879
61.48392941,23.79844051
61.48018728,23.81596677
61.47180350,23.77536379
61.47116633,23.78249344
61.47306063,23.80532423
61.47330151,23.81921829
61.47340683,23.81268921
61.47126473,23.79221292
61.46877206,23.81198809
61.48169646,23.79786594
61.47899524,23.79799803
61.47725996,23.80434147
61.48005082,23.80420063
61.48018571,23.81023646
61.47268307,23.77495190
61.46904252,23.77450858
61.46997465,23.77478613
61.46376089,23.76488607
61.46892240,23.79157537
61.46676257,23.80044057
61.46629442,23.80717521
61.47120257,23.81256163
61.46543419,23.78961183
61.46291371,23.78566947
61.49362474,23.82680577
61.49330848,23.83698843
61.49548921,23.82055969
61.50252181,23.80610370
61.50227522,23.80782160
61.49940867,23.82278498
61.46502001,23.91630066
61.48319107,23.75223469
61.49951591,23.82365857
61.46462772,23.91713637
61.48297345,23.75109025
61.49955641,23.82421340
61.46447718,23.91719150
61.48253205,23.75216268
61.50035838,23.82387583
61.45826213,23.85252742
61.48285988,23.75297140
61.50081465,23.82286023
61.46355072,23.85774285
61.48254685,23.75352763
61.50232424,23.82104756
61.46642679,23.85980967
61.48256587,23.75383657
61.50345447,23.81820991
61.46857901,23.85829463
61.48339209,23.75103539
61.50417913,23.82467303
61.46864497,23.85877332
61.48339745,23.75059748
61.50117332,23.82849228
61.46905462,23.86243904
61.48439719,23.75518725
61.50075681,23.82950758
61.46803534,23.87114697
61.49997298,23.83379972
61.46877588,23.87196499
61.48329864,23.75725647
61.50026556,23.83446423
61.50060310,23.83390738
61.46860692,23.87329313
61.49990337,23.83656151
61.46830802,23.87573023
61.48182723,23.75743534
61.49947585,23.83951942
61.46949994,23.87623184
61.48120528,23.75742730
61.49942609,23.84233655
61.48044194,23.75756203
61.50003655,23.84849464
61.46979651,23.87842030
61.48037577,23.75843820
61.50016959,23.84886866
61.46909539,23.87769775
61.48030892,23.75894093
61.46900612,23.88038037
61.48038991,23.75946828
61.50281876,23.84581655
61.46892140,23.88081861
61.48032908,23.75989369
61.50295711,23.84502483
61.46761041,23.87889413
61.48046783,23.76175985
61.48958736,23.88430722
61.46796652,23.88184860
61.48965972,23.88361337
61.46783536,23.88158910
61.48979274,23.88407064
61.46731246,23.88254900
61.48216162,23.75848874
61.48989255,23.88447256
61.48219345,23.75906799
61.48992258,23.89709598
61.46931284,23.88689333
61.44642064,23.85032072
61.48220018,23.75938991
61.48872739,23.90406344
61.46527331,23.88649750
61.44583287,23.85143670
61.48227486,23.75984006
61.48675918,23.90599753
61.46431000,23.88533798
61.44565049,23.85136435
61.48832421,23.89685159
61.44507234,23.86660629
61.48242335,23.76023815
61.48726647,23.89254128
61.44497462,23.86708529
61.48833322,23.85572312
61.44481061,23.86674415
61.48136467,23.76050384
61.48977133,23.85485637
61.48135163,23.76009185
61.48758728,23.85898625
61.44456399,23.85601083
61.48731319,23.86332909
61.44766311,23.85234511
61.49134297,23.86784772
61.46373737,23.81828730
61.48733549,23.76271193
61.49158187,23.86802705
61.46550381,23.82378751
61.48605102,23.90802473
61.46512481,23.82411924
61.48294687,23.91739542
61.46664200,23.82754070
61.48129721,23.92003477
61.46662361,23.83253646
61.45224540,23.84121613
61.48127760,23.92052021
61.45321002,23.84087840
61.48485197,23.93278581
61.45335399,23.84062012
61.44415414,23.83740949
61.47728902,23.92685347
61.46567225,23.83633198
61.47701467,23.83114721
61.47687112,23.83106961
61.47780592,23.83141316
61.47730188,23.83113619
61.51862240,23.92715975
61.51857611,23.92750601
61.50285589,23.79176695
61.50314018,23.78996721
61.50267463,23.79040413
61.50246742,23.79057043
61.47589405,23.79836639
61.45316163,23.84083674
61.47272736,23.89297875
61.49204390,23.73545029
61.45352179,23.84092537
61.47716276,23.92638232
61.46594887,23.83688674
61.47691757,23.92671570
61.46357011,23.83801152
61.47562730,23.93008235
61.47527478,23.93015822
61.47612249,23.91644297
61.47652048,23.91659443
61.47672191,23.91010452
61.46313391,23.82405839
61.47703999,23.90975694
61.47740456,23.90950628
61.46299414,23.82267908
61.46272369,23.82311318
61.46267391,23.82273242
61.46245711,23.82274394
61.45430386,23.83224231
61.45376806,23.83331599
61.45390225,23.83424194
61.45416468,23.83528044
61.45408696,23.83621781
61.45581127,23.84001856
61.45586679,23.84114063
61.45593652,23.84177867
61.45641518,23.84234258
61.45564594,23.84244333
61.45504160,23.84344097
61.45706895,23.84522248
61.45517112,23.84904165
61.45407995,23.84713184
61.45258425,23.84921891
61.44989792,23.84858333
61.44937951,23.84770053
61.50640336,23.79210300
61.44927552,23.84723775
61.50672409,23.79189927
61.44989083,23.84665824
61.50666367,23.79227595
61.45008849,23.84714113
61.50679569,23.79254382
61.45039785,23.84617189
61.50676121,23.79308831
61.45168824,23.84557868
61.50661993,23.79307580
61.45280601,23.84484212
61.50854403,23.79597249
61.45312295,23.84622020
61.45311668,23.84503620
61.45396409,23.84063551
61.45382627,23.84077007
61.45370148,23.83941163
61.45230440,23.83323115
61.45222072,23.83329338
61.45228990,23.83345776
61.45214620,23.83279957
61.45194008,23.83349050
61.45175216,23.83295613
61.45021071,23.83371592
61.45058235,23.83541264
61.45124102,23.83814769
61.45152215,23.83834184
61.45187002,23.84082126
61.45237525,23.84306312
61.45072340,23.84215517
61.45053568,23.84175462
61.45044696,23.84174477
61.43859787,23.84362646
61.44650715,23.84734446
61.43865246,23.84395550
61.44047012,23.85215919
61.44690260,23.84537506
61.43874078,23.84362575
61.44091872,23.85232174
61.44755290,23.84668350
61.44093329,23.85212613
61.44236680,23.84724075
61.44221396,23.84716945
61.44240288,23.84429695
61.44298725,23.84684660
61.44306030,23.84607430
61.44339579,23.84643288
61.44356812,23.84629822
61.44381846,23.84544268
61.44395135,23.84530821
61.44419844,23.84592456
61.44409016,23.84603831
61.44425294,23.83771051
61.44482783,23.84046607
61.44479311,23.83209792
61.44580867,23.83650834
61.44716718,23.83521450
61.44738048,23.82838844
61.44745544,23.82922183
61.47269331,23.76934266
61.44799212,23.83058183
61.47268256,23.77060877
61.44852221,23.83512497
61.47286837,23.77001477
61.44901660,23.83647094
61.44911020,23.84058828
61.47224033,23.77941951
61.47087341,23.77903930
61.44895294,23.84522162
61.46828364,23.77900379
61.46833748,23.78043086
61.44921080,23.84665129
61.46852007,23.78180315
61.44883632,23.84668402
61.46852763,23.78250336
61.44870498,23.84820824
61.46895830,23.78190782
61.44854855,23.84933108
61.44833205,23.84963066
61.46389004,23.78701940
61.44933954,23.85165386
61.47387095,23.78429781
61.44929554,23.85197320
61.47385912,23.78495786
61.44828674,23.84875587
61.47382852,23.78598170
61.44808961,23.84873624
61.47401699,23.78703099
61.44773891,23.84799677
61.47405340,23.78560304
61.44702331,23.84704294
61.44701319,23.84680622
61.47571065,23.79935758
61.47558918,23.79999142
61.44713998,23.84563208
61.47532459,23.79966987
61.44727720,23.84496231
61.47471741,23.79856928
61.44738806,23.84280001
61.47484922,23.80058884
61.44758980,23.84254164
61.47465681,23.80116922
61.44785069,23.84231386
61.47423303,23.80212823
61.44668897,23.84337999
61.47555886,23.80127123
61.44658592,23.84375109
61.47558511,23.80160780
61.44591534,23.84339416
61.44640057,23.84540930
61.44676214,23.84704422
61.47574383,23.80444889
61.47579738,23.80584939
61.44566497,23.84421890
61.47574993,23.80873218
61.44397464,23.85296599
61.47575151,23.80986364
61.44323556,23.85305184
61.47583073,23.81125052
61.44221025,23.85273759
61.47594338,23.81351273
61.44273540,23.85534940
61.47315769,23.79377112
61.44062362,23.85745874
61.47193883,23.79290376
61.44451552,23.86613856
61.47163293,23.79510106
61.44344568,23.86560794
61.44351159,23.86749123
61.47170455,23.80070792
61.44394601,23.86830251
61.46656351,23.80418333
61.44378870,23.86868400
61.44298983,23.86810069
61.47185178,23.82749002
61.44265489,23.86824620
61.47198042,23.82732770
61.44264379,23.86697001
61.47485216,23.82125063
61.44299271,23.86600101
61.47455898,23.82871419
61.47392495,23.83169429
61.48584968,23.82853592
61.47387643,23.83414587
61.48587678,23.82904389
61.47472232,23.83053163
61.48647338,23.83132462
61.47510894,23.81574018
61.48622271,23.83403162
61.47500010,23.81623919
61.48641089,23.83823116
61.47501411,23.81707422
61.48607629,23.83999960
61.47521954,23.81654769
61.48475952,23.84547916
61.47513115,23.81788169
61.46772865,23.83399437
61.47520388,23.82791797
61.46634885,23.82187732
61.47506839,23.83430117
61.46455701,23.83914719
61.47559885,23.82575864
61.46104991,23.83067224
61.45607730,23.83621640
61.47620155,23.82354623
61.45602260,23.84497991
61.47688572,23.82455260
61.47694320,23.82417510
61.47680745,23.82381219
61.47708389,23.82337957
61.47758613,23.82318812
61.47753219,23.81650712
61.47754798,23.81867575
61.47884573,23.82086396
61.47844239,23.82277915
61.47908695,23.82305837
61.47956520,23.81932411
61.47248800,23.89112857
61.47056715,23.88802796
61.47147916,23.88481098
61.47268222,23.88037095
61.49111114,23.78992716
61.49126048,23.78528779
61.45355158,23.84202999
61.45343876,23.84207216
61.46951471,23.75613116
61.49540029,23.77242261
61.49837322,23.75956239
61.49509515,23.75303106
61.49591596,23.76877970
61.49926267,23.75962305
61.49559202,23.75281187
61.49592921,23.76899523
61.49904855,23.75970457
61.49599597,23.75241400
61.49596813,23.76915669
61.49884027,23.75976757
61.49620846,23.75234775
61.50210152,23.76948867
61.49944518,23.75992261
61.49956045,23.75963914
61.50217967,23.76998688
61.49980851,23.75956972
61.49956870,23.76004788
61.49665746,23.75220066
61.50196694,23.76990755
61.49981180,23.75977238
61.49963284,23.76021248
61.49685620,23.75211297
61.50185064,23.76970620
61.49687387,23.75240703
61.50185121,23.77004322
61.49757589,23.75184892
61.50167009,23.76959971
61.49763134,23.75216422
61.50177918,23.76935624
61.50025887,23.75942541
61.50003360,23.75860675
61.49791524,23.75176011
61.50098685,23.76937559
61.50005731,23.76017382
61.50059746,23.75884038
61.49803238,23.75205339
61.50023080,23.76800620
61.50022248,23.76009394
61.49990543,23.75920268
61.49820029,23.75198748
61.50042235,23.77079521
61.50049281,23.75999750
61.49981756,23.75920336
61.49829223,23.75162077
61.50060630,23.76044476
61.49957434,23.75905382
61.49863904,23.75186916
61.50063685,23.76071966
61.49969317,23.75902043
61.50052812,23.76084629
61.49981714,23.75896539
61.49740305,23.75109687
61.50040095,23.76116961
61.49995667,23.75895350
61.49712817,23.75081207
61.50027676,23.76105264
61.50009089,23.75884430
61.49699215,23.75144459
61.50022008,23.75882165
61.49714784,23.75031679
61.49935535,23.75799549
61.49690472,23.75051249
61.49801250,23.76342545
61.49688686,23.75012515
61.49797780,23.76288516
61.49703715,23.74979389
61.49804972,23.76387029
61.49710203,23.74964267
61.49778634,23.76283716
61.49736822,23.74893733
61.49782698,23.76337462
61.49740695,23.74762389
61.49930325,23.77575054
61.49785942,23.76384044
61.49707852,23.74804991
61.49797005,23.76540437
61.49667264,23.74740025
61.49800716,23.76594491
61.49673234,23.74815318
61.49689994,23.76535837
61.49630894,23.74915395
61.49677074,23.76537016
61.49608918,23.74900505
61.49766997,23.76524440
61.49604556,23.74952202
61.49753094,23.76555911
61.49708029,23.74716014
61.49737627,23.76579822
61.49730524,23.74641208
61.49794443,23.76553436
61.49742010,23.74547831
61.49796548,23.76575053
61.49723430,23.74514976
61.49801776,23.76609624
61.49702461,23.74487881
61.49770176,23.76569844
61.49691569,23.74532458
61.49680366,23.74592823
61.49666227,23.74551320
61.49641808,23.74513492
61.49653736,23.74657617
61.49508887,23.74773595
61.49481073,23.74753734
61.49505968,23.74495231
61.49501415,23.74444325
61.49484718,23.74501146
61.49480174,23.74455980
61.49452392,23.74453337
61.49457986,23.74510692
61.49588918,23.74109245
61.49607614,23.74202366
61.49646332,23.74184824
61.49654447,23.74123768
61.49671506,23.74076987
61.49678678,23.74061858
61.49692466,23.74098338
61.49686060,23.74156513
61.49677584,23.74207528
61.49714661,23.74228748
61.49736637,23.74243632
61.49794313,23.74276164
61.49805739,23.74334193
61.49809623,23.74393001
61.49809623,23.74393001
61.49809623,23.74393001
61.49792621,23.74654334
61.49787806,23.74462782
61.49836170,23.74468128
61.49837414,23.74399949
61.49839033,23.74349706
61.49837927,23.74308094
61.50053260,23.74258942
61.49285691,23.74847591
61.49160275,23.79001729
61.51356334,23.77457785
61.51410676,23.77550207
61.51417335,23.77856971
61.51197326,23.77007775
61.51230249,23.77177685
61.51102251,23.77977803
61.51069994,23.77832375
61.51124123,23.78208271
61.51107037,23.78207417
61.51127347,23.78656930
61.50852735,23.77735599
61.51050474,23.77765312
61.51208088,23.77864897
61.51272923,23.78476038
61.51012105,23.78941087
61.50983119,23.78864383
61.51476282,23.78487868
61.51340002,23.78280894
61.51377973,23.78337754
61.50145145,23.71764629
61.49376567,23.72489671
61.49881834,23.71598416
61.49232651,23.72702137
61.49925123,23.71495246
61.49148594,23.73182676
61.49138995,23.73255007
61.49151128,23.84509573
61.46538668,23.89733441
61.48191809,23.74979802
61.49103571,23.84677667
61.46600859,23.89731865
61.48245363,23.74969069
61.49069931,23.84838752
61.49045364,23.84811127
61.46183517,23.89305000
61.48306309,23.74959564
61.49009696,23.84938924
61.46157826,23.89952237
61.48314699,23.74834576
61.49025532,23.84868100
61.48328891,23.74905214
61.49430963,23.84498467
61.48397218,23.74836483
61.49462788,23.84492759
61.46411470,23.90359168
61.48461605,23.75023999
61.49471969,23.84402530
61.46388548,23.90345555
61.48488290,23.75137121
61.49527093,23.84475789
61.46383743,23.90476529
61.49525956,23.84642286
61.46340348,23.90694613
61.46434221,23.90222698
61.49596705,23.84458791
61.46326789,23.90973774
61.46498150,23.89478410
61.49700309,23.84018429
61.46328793,23.91035341
61.46440738,23.91033650
61.48453524,23.75662863
61.48937846,23.76755821
61.49347728,23.85388180
61.46577027,23.91222091
61.48446408,23.75518514
61.48872309,23.76637668
61.49848254,23.82453863
61.46607846,23.91301370
61.48424211,23.75455740
61.49896432,23.82275978
61.48343247,23.75291533
61.50583129,23.66051996
61.50487793,23.78195031
61.50469607,23.78139174
61.50441825,23.78129558
61.50228627,23.84811065
61.47246650,23.85879425
61.47235783,23.85836626
61.47238092,23.85951876
61.47237151,23.86005384
61.43611611,23.81442952
61.50054930,23.76618600
61.43621985,23.81476566
61.43644087,23.81416577
61.43626857,23.81162032
61.43696378,23.81210094
61.43816055,23.81224924
61.43747622,23.81181307
61.43920862,23.81157324
61.43699992,23.81416647
61.43772663,23.81429605
61.43855099,23.81392832
61.43953417,23.81631554
61.43877904,23.81724987
61.43800298,23.81763984
61.43705440,23.81750406
61.43858783,23.80650204
61.43996241,23.80333907
61.43969859,23.80430153
61.43833339,23.80361050
61.43058832,23.81506024
61.43043674,23.81568818
61.43036240,23.82015342
61.43281760,23.83074306
61.43414346,23.82917887
61.43419027,23.82860255
61.43408794,23.83039203
61.43405840,23.83152253
61.43438939,23.82898577
61.43458141,23.82924619
61.44673304,23.83266487
61.44808078,23.83142998
61.44010521,23.80509535
61.50406450,23.70985535
61.50425043,23.70987878
61.49905507,23.77271348
61.49907452,23.77220967
61.49927271,23.77259605
61.49945125,23.77240035
61.49944701,23.77182648
61.50707496,23.68050711
61.50703708,23.68063820
61.50478652,23.65713288
61.50734508,23.67766807
61.50600301,23.66064951
61.48584651,23.78050893
61.50674627,23.66148708
61.50816172,23.67069303
61.50832213,23.67088656
61.50856595,23.68254866
61.50875531,23.68160936
61.52059410,23.64059269
61.52305281,23.63560746
61.52159440,23.63077581
61.52076786,23.62562105
61.52113769,23.62586849
61.51845445,23.62684379
61.51839826,23.62717936
61.51818037,23.62664268
61.51779086,23.63486302
61.51923606,23.64133706
61.51915176,23.64476962
61.51280849,23.65641466
61.51130026,23.66065434
61.51878933,23.64397706
61.51151344,23.65954770
61.51139926,23.65947691
61.50800975,23.66336760
61.50730534,23.67303372
61.50615679,23.68270121
61.50748170,23.68538413
61.51613034,23.62847075
61.51558179,23.62349293
61.51510702,23.62225979
61.51499186,23.61706472
61.51067143,23.62112693
61.51242790,23.62000219
61.51126152,23.61897107
61.50738510,23.62768449
61.50711861,23.62709178
61.50767256,23.62671351
61.50910026,23.62452804
61.50988683,23.62514999
61.51090305,23.62648438
61.51134915,23.62978020
61.51297254,23.63249461
61.51240179,23.63799281
61.50911812,23.63963712
61.50697692,23.65169296
61.50535561,23.65164877
61.50443663,23.64766311
61.50373396,23.64248723
61.50344342,23.64082282
61.50390965,23.63660956
61.45745542,23.84977823
61.45741807,23.84930494
61.50272726,23.66180191
61.50366105,23.66414239
61.50328621,23.66370402
61.50350172,23.66294261
61.50345155,23.70237899
61.50321142,23.70263734
61.48285547,23.74886904
61.48253281,23.75060030
61.48278425,23.75080375
61.48411967,23.74912150
61.48203809,23.75323072
61.48190436,23.75333314
61.48155942,23.75157658
61.47997396,23.75338669
61.44871828,23.84890801
61.44858491,23.84917677
61.44870933,23.84916515
61.48565386,23.78105896
61.48579869,23.77945628
61.48379495,23.77852780
61.48367141,23.77968025
61.48382051,23.77987634
61.48394254,23.78053072
61.48450427,23.78154262
61.48462039,23.78124645
61.49453089,23.82420038
61.55523521,23.93130772
61.46757153,23.82400986
61.46753957,23.82423346
61.46723296,23.82413943
61.46735382,23.82338856
61.50568156,23.63677454
61.50595910,23.63498040
61.50602961,23.63393892
61.50517207,23.62989691
61.50500123,23.63008070
61.50473652,23.62942275
61.50452086,23.62966336
61.50455881,23.63126697
61.50462275,23.63153700
61.50214572,23.63614886
61.50205404,23.64295475
61.50143948,23.64521339
61.50094087,23.64739515
61.50029128,23.64439558
61.49946073,23.64337656
61.49961915,23.64321448
61.50019268,23.64559840
61.50048275,23.64792696
61.50053117,23.64804169
61.50079197,23.64978762
61.50260438,23.65763466
61.50192869,23.65786698
61.50108192,23.65941414
61.50074297,23.65933299
61.50030063,23.67281266
61.50583641,23.67578041
61.50197259,23.66371863
61.50273022,23.66180400
61.50366112,23.66414237
61.50328289,23.66370141
61.50349951,23.66295087
61.50531953,23.66620495
61.50593181,23.66669854
61.50577138,23.66970914
61.50570833,23.67149446
61.50524202,23.67517182
61.50532805,23.67782843
61.50582450,23.67934004
61.50569851,23.67958031
61.50540240,23.68052560
61.50227159,23.69088071
61.50210211,23.68840269
61.50249659,23.68979735
61.51522450,23.61526897
61.51861688,23.60676924
61.51817560,23.60488590
61.51868798,23.60379282
61.51966557,23.60495765
61.52021806,23.60599362
61.52104691,23.60718328
61.52202615,23.60802282
61.52067710,23.61209181
61.51885298,23.60446575
61.51658042,23.60680310
61.51522030,23.60841420
61.51413052,23.60669752
61.51346597,23.60854646
61.51289087,23.60936119
61.51257620,23.60724680
61.51217843,23.60564723
61.51322846,23.60175789
61.50889571,23.60138977
61.51048268,23.60541712
61.50829874,23.60556851
61.50755461,23.60429957
61.50462487,23.60502448
61.50425870,23.60427360
61.50406094,23.60000807
61.50540540,23.59660483
61.50496083,23.59241924
61.50867407,23.59383440
61.50973391,23.59374794
61.46732197,23.84867214
61.46709656,23.84735508
61.51981851,23.69345311
61.51973755,23.69371262
61.51979718,23.69374520
61.49979837,23.76035371
61.49973790,23.76149526
61.49947788,23.76087283
61.49955254,23.76191273
61.49929651,23.76206070
61.49904322,23.76240844
61.49908593,23.76178276
61.49947960,23.76141209
61.49929751,23.76104025
61.49890850,23.76064985
61.49870920,23.76071410
61.49902591,23.76090402
61.49902406,23.76138837
61.49883239,23.76139489
61.49858362,23.76169895
61.49879741,23.76260351
61.49838049,23.76310504
61.49879379,23.76324755
61.49913059,23.76322693
61.49943667,23.76298344
61.49974968,23.76261867
61.50377677,23.72695159
61.50361546,23.72648952
61.50374398,23.72628601
61.50382206,23.72685570
61.47455283,23.78282516
61.47182707,23.78377284
61.47264699,23.77322665
61.47131194,23.77246364
61.48593722,23.79320124
61.48488330,23.78768017
61.47887642,23.83011048
61.44959059,23.85028628
61.44926011,23.85287162
61.45097131,23.85433399
61.45168285,23.85013739
61.45122458,23.84383889
61.45090791,23.84625875
61.45748185,23.84960876
61.44989034,23.83135448
61.43793689,23.84765222
61.43994110,23.84898256
61.51124012,23.59488358
61.51027693,23.59768662
61.51485759,23.59704589
61.51551508,23.60107039
61.51562444,23.60201715
61.51611908,23.60081387
61.51513115,23.59083766
61.50757470,23.59128065
61.50767273,23.59050156
61.50398982,23.59056348
61.50653267,23.57337418
61.50299816,23.58086165
61.50378611,23.60035244
61.50397299,23.60165391
61.50424997,23.60649823
61.50449095,23.61271891
61.50416835,23.61402286
61.50433148,23.61347306
61.50337775,23.61848296
61.50443553,23.61904086
61.50467540,23.62524715
61.50465484,23.62180915
61.50465662,23.61830509
61.50539665,23.61846798
61.50607589,23.61815122
61.50629209,23.61774968
61.50649519,23.62058579
61.50578897,23.62422745
61.50571722,23.62452019
61.50537863,23.62337833
61.50534573,23.62323945
61.50469188,23.61734482
61.50461057,23.61532224
61.50461473,23.61179243
61.50656948,23.61449259
61.50715883,23.61536278
61.50858178,23.61605876
61.51074401,23.61677607
61.51050510,23.61135640
61.50855449,23.60906303
61.50745386,23.60843591
61.50543515,23.60886563
61.50303720,23.76346729
61.50126543,23.76343301
61.50039231,23.76599028
61.49925436,23.76553053
61.43026413,23.81846185
61.50159804,23.75087263
61.50291054,23.74938886
61.50407174,23.75895463
61.49945934,23.75156018
61.49820340,23.75197811
61.49646666,23.75250327
61.49413694,23.75303459
61.49220665,23.75342512
61.49160595,23.75982247
61.49064195,23.76014930
61.49052546,23.75158851
61.49238852,23.75726905
61.49187399,23.74647380
61.50427713,23.75468528
61.50323459,23.75346310
61.49013906,23.76881099
61.43258913,23.81599889
61.43268933,23.80656038
61.43575659,23.81408064
61.49754907,23.78447372
61.47618601,23.86598175
61.47625563,23.86523512
61.47588851,23.86549571
61.47581443,23.86444288
61.47571751,23.86424407
61.47544513,23.86438039
61.47522246,23.86470689
61.47509372,23.86449462
61.47512414,23.86425928
61.47098612,23.86878129
61.47598677,23.93064973
61.47561672,23.93059075
61.43132480,23.81801336
61.50029995,23.76395373
61.49881021,23.76095184
61.49926022,23.76149567
61.49937051,23.76278710
61.50300637,23.76970190
61.49978311,23.75649624
61.49283985,23.75788602
61.49139375,23.75739083
61.49841396,23.77557414
61.43171173,23.81824108
61.43196419,23.81738646
61.43154013,23.81941136
61.43289916,23.81450862
61.43328406,23.81342582
61.43414695,23.81279083
61.43491233,23.81186469
61.43465189,23.81436593
61.43545601,23.81233089
61.43599748,23.81335935
61.43567841,23.80808422
61.43469417,23.80600168
61.43429609,23.80813794
61.43424596,23.80770087
61.43258878,23.80642654
61.43236309,23.80659181
61.43268730,23.80602208
61.43279928,23.80625406
61.43355377,23.80236922
61.43188399,23.80959350
61.43166390,23.80940999
61.43208477,23.80970048
61.46846747,23.81674563
61.46492870,23.84128461
61.46675599,23.80450131
61.46672264,23.80427729
61.46670072,23.80467956
61.46650023,23.80489355
61.46760894,23.80504186
61.46829179,23.80396668
61.47150955,23.80033487
61.47154213,23.80069306
61.47607825,23.77072430
61.47587484,23.77143336
61.47936383,23.79989851
61.48054148,23.80130630
61.47934057,23.80018716
61.47964101,23.80321905
61.48488677,23.79248754
61.47496345,23.82958840
61.48122956,23.75193468
61.47824258,23.75686269
61.48027317,23.76081502
61.48453549,23.75111595
